nTeams=6;

dist= [
[  0  1380  408  929  337  380]
[  1380  0  1010  605  1090  1020]
[  408  1010  0  521  315  257]
[  929  605  521  0  745  665]
[  337  1090  315  745  0  80]
[  380  1020  257  665  80  0]
];

opponents=[
[  5  -6  -4  3  -1  2]
[  2  -1  5  -6  -3  4]
[  6  -5  4  -3  2  -1]
[  -3  4  1  -2  6  -5]
[  -4  5  -6  1  -2  3]
[  -6  -3  2  5  -4  1]
[  3  -4  -1  2  -6  5]
[  4  6  -5  -1  3  -2]
[  -2  1  6  -5  4  -3]
[  -5  3  -2  6  1  -4]
];

